36
72
85.533142
86.341858
87.226868
88.157654
89.118958
90.080261
91.041565
91.972351
92.872620
93.742371
94.551086
95.298767
95.970154
96.565247
97.084045
97.526550
97.877502
98.121643
98.258972
98.320007
98.258972
98.121643
97.892761
97.541809
97.099304
96.549988
95.924377
95.191956
94.383240
93.482971
92.491150
91.423035
90.278625
89.088440
88.142395
87.516785
86.997986
86.540222
86.112976
85.746765
85.411072
85.090637
84.800720
84.526062
84.266663
84.007263
83.778381
83.564758
83.351135
83.137512
82.939148
82.756042
82.572937
82.389832
82.221985
82.054138
81.901550
81.733704
81.581116
81.443787
81.291199
81.153870
81.016541
80.879211
80.757141
80.619812
80.497742
80.375671
80.284119
80.482483
84.327698
84.846497
85.670471
88.401794
91.270447
94.215393
97.190857
100.105286
102.928162
105.613708
108.131409
110.466003
112.617493
114.524841
116.218567
117.698669
118.934631
119.926453
120.704651
121.238708
121.543884
121.620178
121.452332
121.070862
120.475769
119.636536
118.583679
117.317200
115.806580
114.097595
112.159729
109.992981
107.627869
105.033875
102.241516
99.266052
96.961975
95.542908
94.383240
93.406677
92.536926
91.758728
91.072083
90.431213
89.851379
89.317322
88.813782
88.340759
87.898254
87.486267
87.089539
86.708069
86.357117
86.036682
85.716248
85.411072
85.121155
84.846497
84.587097
84.327698
84.083557
83.839417
83.625793
83.396912
83.198547
82.984924
82.786560
82.603455
82.405090
82.237244
82.054138
81.840515
81.245422
83.229065
90.751648
95.130920
99.678040
104.225159
108.695984
112.983704
117.012024
120.765686
124.198914
127.296448
130.073547
132.499695
134.590149
136.344910
137.779236
138.893127
139.701843
140.220642
140.419006
140.342712
139.961243
139.305115
138.343811
137.107849
135.581970
133.766174
131.645203
129.234314
126.502991
123.466492
120.109558
116.416931
112.373352
108.055115
104.743958
102.806091
101.249695
99.937439
98.793030
97.785950
96.870422
96.031189
95.268250
94.566345
93.925476
93.330383
92.765808
92.231750
91.728210
91.255188
90.812683
90.385437
89.973450
89.591980
89.225769
88.890076
88.554382
88.233948
87.928772
87.638855
87.364197
87.089539
86.830139
86.585999
86.341858
86.112976
85.884094
85.670471
85.456848
85.105896
83.381653
86.753845
97.236633
103.004456
108.848572
114.616394
120.124817
125.282288
130.058289
134.376526
138.267517
141.731262
144.752502
147.377014
149.574280
151.405334
152.870178
153.968811
154.731750
155.128479
155.204773
154.975891
154.396057
153.511047
152.290344
150.749207
148.872375
146.659851
144.096375
141.181946
137.886047
134.193420
130.104065
125.572205
120.582581
115.196228
111.091614
108.802795
106.987000
105.461121
104.148865
102.973938
101.921082
100.975037
100.120544
99.311829
98.579407
97.892761
97.251892
96.656799
96.092224
95.558167
95.054626
94.566345
94.123840
93.696594
93.284607
92.887878
92.506409
92.155457
91.819763
91.484070
91.178894
90.873718
90.583801
90.309143
90.034485
89.775085
89.530945
89.286804
89.042664
88.691711
87.257385
91.850281
103.630066
110.542297
117.424011
124.061584
130.287170
136.024475
141.227722
145.881653
150.016785
153.648376
156.776428
159.461975
161.720276
163.551331
164.985657
166.038513
166.725159
167.045593
167.015076
166.633606
165.901184
164.833069
163.414001
161.643982
159.492493
156.990051
154.090881
150.779724
147.041321
142.860413
138.191223
132.987976
127.220154
120.933533
116.203308
113.655090
111.640930
109.977722
108.543396
107.276917
106.132507
105.110168
104.179382
103.309631
102.500916
101.768494
101.081848
100.425720
99.830627
99.250793
98.716736
98.197937
97.724915
97.267151
96.824646
96.397400
95.985413
95.603943
95.237732
94.886780
94.551086
94.230652
93.925476
93.620300
93.345642
93.070984
92.796326
92.536926
92.277527
91.972351
91.377258
97.068787
109.397888
117.256165
124.977112
132.270813
139.015198
145.118713
150.611877
155.464172
159.736633
163.459778
166.664124
169.380188
171.638489
173.454285
174.873352
175.880432
176.521301
176.765442
176.658630
176.170349
175.315857
174.110413
172.523499
170.555115
168.205261
165.458679
162.284851
158.668518
154.579163
149.971008
144.828796
139.076233
132.667542
125.602722
120.323181
117.561340
115.425110
113.655090
112.113953
110.771179
109.565735
108.482361
107.490540
106.590271
105.751038
104.957581
104.240417
103.553772
102.928162
102.333069
101.753235
101.219177
100.715637
100.227356
99.769592
99.342346
98.915100
98.503113
98.121643
97.755432
97.404480
97.068787
96.733093
96.427917
96.122742
95.832825
95.558167
95.283508
95.024109
94.764709
95.115662
101.799011
114.433289
123.100281
131.477356
139.289856
146.415710
152.809143
158.485413
163.490295
167.854309
171.638489
174.888611
177.619934
179.893494
181.709290
183.097839
184.074402
184.654236
184.852600
184.669495
184.089661
183.158875
181.816101
180.107117
177.986145
175.468445
172.523499
169.120789
165.245056
160.865784
155.921936
150.367737
144.142151
137.153625
129.417419
123.649597
120.750427
118.492126
116.630554
115.028381
113.624573
112.373352
111.244202
110.221863
109.275818
108.406067
107.597351
106.834412
106.132507
105.476379
104.850769
104.270935
103.706360
103.187561
102.684021
102.210999
101.753235
101.325989
100.898743
100.502014
100.120544
99.754333
99.403381
99.067688
98.747253
98.426819
98.136902
97.846985
97.557068
97.297668
97.068787
98.335266
105.918884
118.766785
128.135681
137.062073
145.286560
152.702332
159.309387
165.138245
170.249939
174.690247
178.520203
181.800842
184.562683
186.836243
188.652039
190.025330
190.986633
191.520691
191.658020
191.429138
190.788269
189.765930
188.331604
186.500549
184.272766
181.602478
178.489685
174.903870
170.814514
166.175842
160.942078
155.052185
148.414612
140.922546
132.575989
126.396179
123.359680
121.009827
119.071960
117.408752
115.959167
114.662170
113.487244
112.434387
111.473083
110.572815
109.733582
108.955383
108.222961
107.551575
106.910706
106.315613
105.735779
105.201721
104.682922
104.194641
103.736877
103.294373
102.867126
102.455139
102.058411
101.676941
101.310730
100.975037
100.639343
100.318909
100.013733
99.708557
99.418640
99.159241
98.976135
101.051331
109.443665
122.489929
132.453918
141.838074
150.398254
158.058167
164.833069
170.783997
175.971985
180.488586
184.364319
187.675476
190.452576
192.726135
194.541931
195.899963
196.830750
197.349548
197.456360
197.166443
196.479797
195.381165
193.870544
191.947937
189.613342
186.820984
183.570862
179.817200
175.544739
170.692444
165.214539
159.019470
152.015686
144.111633
135.231018
128.669739
125.511169
123.085022
121.086121
119.377136
117.881775
116.554260
115.348816
114.265442
113.273621
112.358093
111.503601
110.710144
109.962463
109.275818
108.619690
107.994080
107.414246
106.864929
106.346130
105.842590
105.369568
104.911804
104.484558
104.057312
103.645325
103.263855
102.897644
102.546692
102.195740
101.875305
101.554871
101.249695
100.959778
100.685120
100.547791
103.324890
112.449646
125.679016
136.161804
145.927429
154.762268
162.620544
169.532776
175.575256
180.839539
185.401917
189.323425
192.649841
195.442200
197.731018
199.546814
200.904846
201.820374
202.323914
202.400208
202.064514
201.316833
200.172424
198.600769
196.601868
194.175720
191.276550
187.904358
184.013367
179.588318
174.552917
168.846130
162.391663
155.082703
146.797180
137.443542
130.561829
127.281189
124.794006
122.749329
120.994568
119.468689
118.110657
116.905212
115.776062
114.768982
113.822937
112.968445
112.159729
111.381531
110.679626
110.023499
109.397888
108.802795
108.238220
107.704163
107.185364
106.712341
106.239319
105.812073
105.384827
104.972839
104.576111
104.194641
103.828430
103.492737
103.157043
102.836609
102.531433
102.226257
101.936340
101.829529
105.216980
115.013123
128.410339
139.320374
149.421692
158.485413
166.496277
173.515320
179.649353
184.974670
189.582825
193.534851
196.891785
199.699402
201.988220
203.804016
205.146790
206.062317
206.535339
206.596375
206.230164
205.451965
204.246521
202.629089
200.553894
198.051453
195.075989
191.596985
187.599182
183.021545
177.833557
171.943665
165.275574
157.707214
149.070740
139.305115
132.133484
128.776550
126.228333
124.137878
122.352600
120.780945
119.407654
118.171692
117.027283
116.004944
115.058899
114.173889
113.349915
112.571716
111.854553
111.183167
110.542297
109.947205
109.367371
108.833313
108.314514
107.826233
107.353210
106.910706
106.468201
106.056213
105.659485
105.278015
104.911804
104.560852
104.225159
103.889465
103.569031
103.263855
102.989197
102.897644
106.803894
117.195129
130.729675
142.021179
152.381897
161.628723
169.776917
176.887512
183.082581
188.453674
193.107605
197.074890
200.462341
203.285217
205.589294
207.405090
208.747864
209.648132
210.105896
210.136414
209.754944
208.930969
207.695007
206.016541
203.910828
201.332092
198.280334
194.725037
190.620422
185.935974
180.610657
174.568176
167.701721
159.904480
150.993347
140.861511
133.430481
129.997253
127.403259
125.282288
123.466492
121.879578
120.475769
119.224548
118.064880
117.027283
116.065979
115.165710
114.341736
113.548279
112.815857
112.144470
111.488342
110.877991
110.313416
109.764099
109.245300
108.741760
108.268738
107.810974
107.383728
106.956482
106.544495
106.163025
105.781555
105.430603
105.094910
104.759216
104.438782
104.133606
103.843689
103.782654
108.131409
119.041443
132.682800
144.279480
154.853821
164.253235
172.508240
179.695129
185.951233
191.352844
196.037292
200.035095
203.437805
206.260681
208.580017
210.395813
211.738586
212.623596
213.081360
213.096619
212.684631
211.845398
210.578918
208.854675
206.703186
204.063416
200.950623
197.319031
193.138123
188.362122
182.929993
176.750183
169.731140
161.735535
152.580261
142.158508
134.498596
131.019592
128.379822
126.213074
124.382019
122.795105
121.360779
120.094299
118.934631
117.866516
116.905212
115.989685
115.150452
114.372253
113.624573
112.937927
112.281799
111.671448
111.091614
110.527039
110.008240
109.504700
109.031677
108.558655
108.131409
107.704163
107.292175
106.895447
106.513977
106.163025
105.812073
105.476379
105.155945
104.850769
104.560852
104.515076
109.245300
120.597839
134.284973
146.141052
156.883240
166.404724
174.736023
181.983948
188.285828
193.733215
198.417664
202.445984
205.863953
208.702087
211.021423
212.837219
214.164734
215.065002
215.492249
215.507507
215.080261
214.210510
212.913513
211.174011
208.976746
206.306458
203.132629
199.455261
195.198059
190.345764
184.822083
178.535461
171.394348
163.230896
153.892517
143.196106
135.368347
131.843567
129.173279
126.991272
125.129700
123.512268
122.077942
120.796204
119.621277
118.553162
117.576599
116.676331
115.821838
115.028381
114.280701
113.578796
112.922668
112.312317
111.717224
111.152649
110.633850
110.115051
109.642029
109.169006
108.741760
108.314514
107.902527
107.505798
107.124329
106.758118
106.407166
106.071472
105.751038
105.430603
105.140686
105.110168
110.176086
121.879578
135.581970
147.621155
158.500671
168.113708
176.506042
183.799744
190.116882
195.594788
200.309753
204.338074
207.771301
210.609436
212.928772
214.744568
216.087341
216.972351
217.414856
217.399597
216.957092
216.072083
214.759827
212.989807
210.762024
208.061218
204.856873
201.133728
196.830750
191.917419
186.317444
179.939270
172.691345
164.421082
154.914856
144.035339
136.054993
132.484436
129.798889
127.601624
125.724792
124.092102
122.657776
121.360779
120.185852
119.102478
118.125916
117.210388
116.355896
115.547180
114.799500
114.097595
113.441467
112.815857
112.220764
111.656189
111.122131
110.618591
110.130310
109.672546
109.230042
108.802795
108.375549
107.978821
107.597351
107.231140
106.880188
106.544495
106.224060
105.903625
105.613708
105.583191
110.923767
122.917175
136.573792
148.735046
159.706116
169.380188
177.818298
185.142517
191.490173
196.983337
201.713562
205.757141
209.190369
212.043762
214.363098
216.178894
217.521667
218.406677
218.818665
218.818665
218.360901
217.460632
216.133118
214.347839
212.104797
209.373474
206.138611
202.369690
198.036194
193.077087
187.416077
180.992126
173.667908
165.306091
155.693054
144.660950
136.573792
132.972717
130.256653
128.059387
126.167297
124.534607
123.085022
121.788025
120.613098
119.529724
118.537903
117.607117
116.752625
115.959167
115.196228
114.494324
113.838196
113.212585
112.617493
112.052917
111.503601
111.000061
110.511780
110.038757
109.596252
109.169006
108.757019
108.345032
107.963562
107.597351
107.246399
106.910706
106.590271
106.269836
105.979919
105.964661
111.518860
123.725891
137.260437
149.513245
160.545349
170.249939
178.718567
186.058044
192.405701
197.914124
202.644348
206.703186
210.136414
212.989807
215.309143
217.124939
218.467712
219.352722
219.764709
219.749451
219.291687
218.391418
217.048645
215.248108
212.989807
210.243225
206.993103
203.208923
198.844910
193.855286
188.163757
181.694031
174.324036
165.901184
156.211853
145.088196
136.940002
133.323669
130.592346
128.379822
126.487732
124.855042
123.390198
122.093201
120.903015
119.819641
118.827820
117.912292
117.042542
116.249084
115.486145
114.784241
114.112854
113.487244
112.892151
112.327576
111.793518
111.289978
110.786438
110.328674
109.870911
109.443665
109.031677
108.619690
108.238220
107.872009
107.521057
107.185364
106.849670
106.529236
106.239319
106.239319
111.961365
124.305725
137.672424
149.955750
161.003113
170.722961
179.191589
186.531067
192.893982
198.402405
203.132629
207.191467
210.624695
213.478088
215.797424
217.613220
218.955994
219.825745
220.252991
220.237732
219.764709
218.864441
217.521667
215.705872
213.447571
210.685730
207.435608
203.636169
199.256897
194.252014
188.560486
182.075500
174.674988
166.221619
156.501770
145.317078
137.138367
133.522034
130.790710
128.578186
126.686096
125.038147
123.588562
122.291565
121.101379
120.018005
119.010925
118.095398
117.240906
116.432190
115.669250
114.967346
114.295959
113.670349
113.075256
112.510681
111.976624
111.457825
110.969543
110.511780
110.054016
109.626770
109.214783
108.802795
108.421326
108.055115
107.704163
107.353210
107.032776
106.712341
106.422424
106.422424
112.266541
124.671936
137.809753
150.062561
161.094666
170.799255
179.252625
186.592102
192.955017
198.448181
203.178406
207.221985
210.655212
213.508606
215.827942
217.643738
218.986511
219.856262
220.283508
220.268250
219.795227
218.894958
217.536926
215.736389
213.462830
210.716248
207.450867
203.666687
199.287415
194.282532
188.591003
182.106018
174.705505
166.267395
156.547546
145.378113
137.199402
133.583069
130.851746
128.639221
126.747131
125.114441
123.664856
122.367859
121.177673
120.094299
119.102478
118.171692
117.317200
116.523743
115.760803
115.058899
114.387512
113.761902
113.166809
112.602234
112.068176
111.549377
111.061096
110.603333
110.145569
109.718323
109.306335
108.894348
108.512878
108.146667
107.795715
107.444763
107.124329
106.803894
106.513977
106.513977
112.434387
124.824524
137.657166
149.848938
160.820007
170.494080
178.916931
186.225891
192.573547
198.051453
202.766418
206.809998
210.243225
213.081360
215.400696
217.216492
218.559265
219.429016
219.856262
219.841003
219.367981
218.467712
217.124939
215.324402
213.066101
210.319519
207.069397
203.285217
198.936462
193.946838
188.270569
181.800842
174.446106
166.038513
156.349182
145.240784
137.107849
133.506775
130.790710
128.578186
126.701355
125.068665
123.619080
122.322083
121.147156
120.063782
119.071960
118.156433
117.301941
116.493225
115.745544
115.043640
114.372253
113.746643
113.166809
112.586975
112.052917
111.549377
111.061096
110.588074
110.145569
109.718323
109.306335
108.894348
108.512878
108.146667
107.795715
107.460022
107.124329
106.803894
106.513977
106.529236
112.480164
124.763489
137.229919
149.299622
160.194397
169.792175
178.169250
185.447693
191.764832
197.227478
201.927185
205.955505
209.373474
212.211609
214.515686
216.331482
217.674255
218.544006
218.971252
218.955994
218.498230
217.597961
216.270447
214.485168
212.226868
209.510803
206.275940
202.522278
198.188782
193.229675
187.583923
181.175232
173.866272
165.519714
155.921936
144.920349
136.878967
133.293152
130.592346
128.395081
126.533508
124.916077
123.466492
122.169495
120.994568
119.926453
118.934631
118.034363
117.179871
116.386414
115.623474
114.936829
114.265442
113.655090
113.059998
112.495422
111.961365
111.457825
110.969543
110.496521
110.054016
109.626770
109.214783
108.818054
108.436584
108.070374
107.719421
107.383728
107.048035
106.727600
106.437683
106.452942
112.388611
124.504089
136.543274
148.429871
159.187317
168.693542
176.994324
184.226990
190.498352
195.945740
200.614929
204.627991
208.030701
210.868835
213.172913
214.973450
216.300964
217.185974
217.613220
217.597961
217.155457
216.270447
214.958191
213.188171
210.960388
208.259583
205.055237
201.332092
197.044373
192.131042
186.546326
180.198669
172.981262
164.726257
155.250549
144.416809
136.482239
132.942200
130.271912
128.089905
126.243591
124.626160
123.191833
121.910095
120.750427
119.682312
118.705750
117.805481
116.950989
116.157532
115.409851
114.723206
114.067078
113.441467
112.861633
112.297058
111.763000
111.259460
110.786438
110.313416
109.886169
109.458923
109.046936
108.650208
108.268738
107.902527
107.551575
107.215881
106.895447
106.575012
106.285095
106.300354
112.174988
124.046326
135.581970
147.224426
157.814026
167.198181
175.407410
182.579041
188.804626
194.190979
198.844910
202.842712
206.214905
209.037781
211.326599
213.127136
214.469910
215.339661
215.766907
215.766907
215.339661
214.469910
213.172913
211.433411
209.236145
206.565857
203.407288
199.729919
195.487976
190.650940
185.142517
178.886414
171.760559
163.642883
154.350281
143.714905
135.948181
132.453918
129.798889
127.647400
125.816345
124.229431
122.810364
121.543884
120.384216
119.331360
118.354797
117.454529
116.615295
115.837097
115.104675
114.418030
113.761902
113.151550
112.571716
112.007141
111.488342
110.984802
110.511780
110.038757
109.611511
109.184265
108.772278
108.375549
107.994080
107.643127
107.292175
106.956482
106.636047
106.315613
106.040955
106.056213
111.839294
123.374939
134.346008
145.698547
156.059265
165.275574
173.393250
180.458069
186.622620
191.978455
196.586609
200.553894
203.910828
206.703186
208.992004
210.792542
212.120056
212.989807
213.432312
213.447571
213.020325
212.181091
210.914612
209.190369
207.038879
204.414368
201.316833
197.685242
193.519592
188.758850
183.341980
177.192688
170.219421
162.269592
153.175354
142.814636
135.231018
131.797791
129.188538
127.067566
125.267029
123.680115
122.291565
121.025085
119.880676
118.843079
117.881775
116.996765
116.172791
115.394592
114.662170
113.990784
113.349915
112.739563
112.159729
111.610413
111.091614
110.588074
110.115051
109.672546
109.230042
108.818054
108.406067
108.009338
107.643127
107.292175
106.941223
106.605530
106.285095
105.979919
105.705261
105.705261
111.381531
122.505188
132.820129
143.806458
153.907776
162.940979
170.890808
177.879333
183.952332
189.247131
193.809509
197.731018
201.057434
203.849792
206.123352
207.908630
209.220886
210.121155
210.563660
210.594177
210.182190
209.373474
208.137512
206.459045
204.338074
201.774597
198.738098
195.182800
191.108704
186.439514
181.144714
175.132751
168.327332
160.575867
151.741028
141.700745
134.346008
130.973816
128.425598
126.335144
124.549866
123.008728
121.635437
120.399475
119.270325
118.247986
117.301941
116.432190
115.608215
114.830017
114.128113
113.456726
112.815857
112.220764
111.640930
111.106873
110.603333
110.099792
109.642029
109.184265
108.757019
108.345032
107.933044
107.551575
107.185364
106.834412
106.498718
106.163025
105.842590
105.537415
105.262756
105.278015
110.771179
121.437073
131.004333
141.563416
151.344299
160.133362
167.930603
174.766541
180.763245
185.966492
190.483093
194.358826
197.654724
200.416565
202.674866
204.444885
205.772400
206.657410
207.115173
207.160950
206.794739
206.001282
204.795837
203.178406
201.118469
198.616028
195.640564
192.192078
188.209534
183.662415
178.504944
172.660828
166.053772
158.546448
150.001526
140.342712
133.262634
129.966736
127.479553
125.434875
123.695374
122.169495
120.826721
119.621277
118.507385
117.500305
116.569519
115.715027
114.906311
114.143372
113.441467
112.785339
112.174988
111.579895
111.015320
110.481262
109.977722
109.504700
109.031677
108.589172
108.161926
107.749939
107.353210
106.971741
106.620789
106.269836
105.934143
105.613708
105.308533
105.003357
104.728699
104.728699
110.054016
120.140076
128.883362
138.954163
148.353577
156.852722
164.436340
171.119690
176.994324
182.121277
186.561584
190.391541
193.641663
196.372986
198.600769
200.370789
201.683044
202.583313
203.056335
203.117371
202.781677
202.018738
200.874329
199.302673
197.303772
194.892883
192.008972
188.652039
184.791565
180.397034
175.407410
169.746399
163.368225
156.150818
147.956848
138.725281
131.950378
128.761292
126.350403
124.351501
122.657776
121.162415
119.850159
118.659973
117.591858
116.600037
115.699768
114.845276
114.051819
113.319397
112.632751
111.991882
111.381531
110.801697
110.252380
109.733582
109.230042
108.757019
108.299255
107.872009
107.444763
107.048035
106.651306
106.285095
105.934143
105.598450
105.262756
104.942322
104.637146
104.347229
104.072571
104.072571
109.184265
118.629456
126.457214
135.948181
144.889832
153.053284
160.377502
166.877747
172.599792
177.604675
181.968689
185.737610
188.941956
191.627502
193.840027
195.594788
196.907043
197.807312
198.295593
198.387146
198.081970
197.380066
196.281433
194.770813
192.863464
190.528870
187.751770
184.516907
180.809021
176.567078
171.775818
166.343689
160.240173
153.343201
145.545959
136.833191
130.393982
127.326965
124.977112
123.054504
121.406555
119.972229
118.690491
117.530823
116.477966
115.531921
114.646912
113.822937
113.044739
112.327576
111.656189
111.030579
110.435486
109.855652
109.321594
108.818054
108.329773
107.872009
107.429504
107.002258
106.590271
106.193542
105.812073
105.445862
105.110168
104.774475
104.454041
104.133606
103.843689
103.538513
103.279114
103.279114
108.146667
116.889954
123.710632
132.545471
140.937805
148.689270
155.693054
161.949158
167.503357
172.370911
176.628113
180.320740
183.464050
186.119080
188.285828
190.040588
191.352844
192.253113
192.756653
192.878723
192.604065
191.947937
190.925598
189.491272
187.675476
185.447693
182.807922
179.710388
176.170349
172.126770
167.549133
162.391663
156.593323
150.077820
142.753601
134.590149
128.562927
125.633240
123.374939
121.513367
119.926453
118.537903
117.301941
116.172791
115.165710
114.234924
113.380432
112.586975
111.839294
111.137390
110.496521
109.886169
109.306335
108.757019
108.238220
107.734680
107.261658
106.819153
106.376648
105.964661
105.552673
105.171204
104.804993
104.454041
104.118347
103.797913
103.477478
103.172302
102.882385
102.592468
102.333069
102.333069
106.956482
114.906311
120.613098
128.684998
136.451721
143.699646
150.321960
156.288147
161.598206
166.313171
170.433044
174.003601
177.085876
179.679871
181.816101
183.540344
184.852600
185.768127
186.286926
186.439514
186.225891
185.630798
184.684753
183.341980
181.632996
179.542542
177.040100
174.125671
170.768738
166.954041
162.651062
157.798767
152.366638
146.278381
139.472961
131.935120
126.350403
123.573303
121.437073
119.667053
118.141174
116.828918
115.638733
114.570618
113.594055
112.693787
111.869812
111.091614
110.389709
109.718323
109.092712
108.497620
107.948303
107.414246
106.910706
106.437683
105.979919
105.537415
105.110168
104.713440
104.316711
103.950500
103.599548
103.263855
102.928162
102.622986
102.317810
102.012634
101.737976
101.448059
101.203918
101.203918
105.583191
112.678528
117.134094
124.320984
131.340027
137.992859
144.142151
149.726868
154.762268
159.248352
163.200378
166.648865
169.624329
172.142029
174.247742
175.941467
177.238464
178.169250
178.703308
178.901672
178.733826
178.215027
177.360535
176.139832
174.552917
172.615051
170.280457
167.579651
164.451599
160.911560
156.913757
152.427673
147.407532
141.822815
135.612488
128.776550
123.710632
121.116638
119.102478
117.439270
116.004944
114.753723
113.624573
112.617493
111.686707
110.847473
110.054016
109.321594
108.650208
108.009338
107.414246
106.834412
106.300354
105.796814
105.323792
104.866028
104.423523
103.996277
103.599548
103.202820
102.836609
102.485657
102.149963
101.829529
101.509094
101.203918
100.914001
100.624084
100.349426
100.090027
99.845886
99.845886
103.981018
110.145569
113.243103
119.438171
125.587463
131.492615
137.031555
142.143250
146.797180
150.978088
154.701233
157.966614
160.804749
163.246155
165.275574
166.923523
168.205261
169.136047
169.715881
169.944763
169.853210
169.425964
168.678284
167.579651
166.160583
164.390564
162.284851
159.828186
156.974792
153.755188
150.123596
146.064758
141.548157
136.558533
131.019592
124.977112
120.475769
118.110657
116.249084
114.707947
113.380432
112.205505
111.167908
110.221863
109.352112
108.558655
107.810974
107.139587
106.498718
105.903625
105.339050
104.804993
104.301453
103.828430
103.370667
102.943420
102.516174
102.119446
101.737976
101.371765
101.020813
100.700378
100.379944
100.059509
99.769592
99.479675
99.205017
98.930359
98.670959
98.411560
98.182678
98.197937
102.119446
107.292175
108.833313
113.914490
119.026184
124.031067
128.822327
133.293152
137.428284
141.197205
144.584656
147.605896
150.245667
152.534485
154.457092
156.044006
157.295227
158.210754
158.821106
159.111023
159.095764
158.775330
158.164978
157.234192
155.998230
154.472351
152.610779
150.459290
147.956848
145.118713
141.944885
138.404846
134.468079
130.149841
125.404358
120.277405
116.432190
114.326477
112.678528
111.289978
110.084534
109.016418
108.070374
107.215881
106.422424
105.690002
105.018616
104.408264
103.813171
103.263855
102.745056
102.256775
101.799011
101.356506
100.929260
100.517273
100.135803
99.769592
99.418640
99.082947
98.762512
98.457336
98.152161
97.862244
97.587585
97.312927
97.053528
96.809387
96.549988
96.321106
96.107483
96.138000
99.952698
104.057312
103.828430
107.627869
111.534119
115.440369
119.239807
122.871399
126.289368
129.447937
132.347107
134.971619
137.290955
139.320374
141.075134
142.524719
143.699646
144.599915
145.210266
145.561218
145.637512
145.439148
144.981384
144.264221
143.287659
142.036438
140.525818
138.740540
136.680603
134.346008
131.721497
128.822327
125.617981
122.108459
118.309021
114.234924
111.137390
109.382629
107.978821
106.788635
105.751038
104.850769
104.026794
103.263855
102.577209
101.951599
101.356506
100.807190
100.303650
99.815369
99.357605
98.930359
98.518372
98.121643
97.740173
97.389221
97.053528
96.717834
96.412659
96.107483
95.817566
95.542908
95.268250
95.008850
94.764709
94.520569
94.276428
94.047546
93.833923
93.620300
93.421936
93.498230
97.343445
100.303650
98.014832
100.364685
102.851868
105.400085
107.917786
110.404968
112.785339
115.043640
117.149353
119.087219
120.857239
122.444153
123.832703
125.007629
125.999451
126.777649
127.342224
127.693176
127.861023
127.799988
127.540588
127.082825
126.411438
125.541687
124.473572
123.191833
121.711731
120.048523
118.171692
116.096497
113.822937
111.351013
108.695984
105.888367
103.736877
102.424622
101.356506
100.456238
99.662781
98.960876
98.320007
97.740173
97.206116
96.702576
96.229553
95.802307
95.375061
94.978333
94.612122
94.261169
93.940735
93.620300
93.315125
93.025208
92.750549
92.475891
92.216492
91.972351
91.728210
91.499329
91.270447
91.056824
90.843201
90.629578
90.431213
90.232849
90.049744
89.866638
89.714050
89.851379
94.123840
95.863342
90.965271
91.697693
92.491150
93.330383
94.200134
95.069885
95.939636
96.794128
97.602844
98.365784
99.098206
99.754333
100.349426
100.868225
101.325989
101.676941
101.951599
102.134705
102.241516
102.241516
102.149963
101.982117
101.692200
101.325989
100.852966
100.303650
99.647522
98.915100
98.106384
97.206116
96.214294
95.161438
94.047546
92.872620
91.941833
91.331482
90.812683
90.370178
89.942932
89.576721
89.241028
88.920593
88.630676
88.356018
88.096619
87.852478
87.608337
87.379456
87.165833
86.952209
86.753845
86.555481
86.372375
86.189270
86.021423
85.838318
85.670471
85.517883
85.365295
85.197449
85.044861
84.907532
84.754944
84.617615
84.480286
84.342957
84.205627
84.083557
83.992004
84.312439
89.866638
90.324402
