36
72
74.402161
75.552673
76.827087
78.225403
79.676819
81.163635
82.650452
84.137268
85.570984
86.969299
88.296814
89.535828
90.686340
91.730652
92.668762
93.482971
94.173279
94.739685
95.164490
95.465393
95.624695
95.624695
95.518494
95.252991
94.845886
94.314880
93.642273
92.828064
91.907654
90.845642
89.659729
88.349915
86.933899
85.411682
83.783264
82.491150
81.694641
81.022034
80.437927
79.942322
79.464417
79.057312
78.667908
78.313904
77.977600
77.676697
77.375793
77.092590
76.844788
76.596985
76.349182
76.119080
75.906677
75.711975
75.517273
75.322571
75.145569
74.968567
74.791565
74.632263
74.472961
74.331360
74.172058
74.030457
73.906555
73.764954
73.641052
73.499451
73.375549
73.251648
73.127747
73.481750
90.296936
93.482971
96.934509
100.509949
104.120789
107.660828
111.076965
114.333801
117.360535
120.174866
122.723694
125.024719
127.060242
128.812561
130.299377
131.538391
132.494202
133.184509
133.627014
133.804016
133.715515
133.396912
132.812805
131.980896
130.901184
129.573669
127.980652
126.157532
124.051208
121.697083
119.095154
116.210022
113.059387
109.643250
105.943909
103.129578
101.536560
100.244446
99.164734
98.208923
97.377014
96.615906
95.925598
95.288391
94.704285
94.137878
93.642273
93.164368
92.704163
92.279358
91.872253
91.500549
91.128845
90.774841
90.438538
90.119934
89.819031
89.535828
89.252625
88.987122
88.721619
88.473816
88.226013
87.995911
87.765808
87.535706
87.323303
87.110901
86.916199
86.721497
86.526794
87.624207
98.492126
103.465881
108.722839
113.997498
119.165955
124.086609
128.688660
132.936707
136.795349
140.282288
143.379822
146.087952
148.424377
150.406799
152.052917
153.345032
154.318542
154.955750
155.292053
155.309753
155.026550
154.424744
153.539734
152.336121
150.813904
148.990784
146.849060
144.371033
141.556702
138.388367
134.848328
130.936584
126.617737
121.856384
116.652527
112.740784
110.687561
109.059143
107.696228
106.510315
105.448303
104.510193
103.660583
102.881775
102.156067
101.501160
100.881653
100.297546
99.748840
99.235535
98.739929
98.279724
97.837219
97.430115
97.023010
96.651306
96.279602
95.943298
95.606995
95.270691
94.969788
94.668884
94.385681
94.102478
93.836975
93.571472
93.323669
93.075867
92.828064
92.597961
92.367859
94.190979
104.403992
110.953064
117.732239
124.369812
130.688782
136.565247
141.946106
146.813660
151.167908
155.026550
158.407288
161.327820
163.823547
165.912170
167.593689
168.903503
169.841614
170.425720
170.673523
170.567322
170.124817
169.346008
168.230896
166.761780
164.956360
162.779236
160.230408
157.309875
153.964539
150.194397
145.981750
141.273499
136.034241
130.210876
123.750305
118.971252
116.581726
114.705505
113.147888
111.802673
110.616760
109.554749
108.581238
107.713928
106.899719
106.156311
105.466003
104.811096
104.209290
103.625183
103.094177
102.580872
102.102966
101.642761
101.182556
100.775452
100.368347
99.978943
99.607239
99.253235
98.916931
98.580627
98.262024
97.961121
97.660217
97.377014
97.093811
96.828308
96.562805
96.315002
96.067200
98.580627
109.112244
117.095032
125.130920
132.865906
140.069885
146.654358
152.583923
157.858582
162.549133
166.637878
170.195618
173.240051
175.788879
177.895203
179.576721
180.833435
181.718445
182.231750
182.391052
182.196350
181.647644
180.762634
179.505920
177.877502
175.859680
173.452454
170.620422
167.345886
163.611145
159.380798
154.619446
149.273987
143.273621
136.565247
129.042664
123.484802
120.829773
118.776550
117.059631
115.590515
114.316101
113.165588
112.121277
111.165466
110.298157
109.501648
108.758240
108.050232
107.395325
106.775818
106.209412
105.660706
105.129700
104.634094
104.173889
103.713684
103.288879
102.881775
102.474670
102.102966
101.731262
101.377258
101.040955
100.704651
100.386047
100.085144
99.801941
99.518738
99.235535
98.952332
98.704529
101.890564
113.006287
122.245789
131.396790
140.034485
147.928772
155.044250
161.363220
166.956482
171.841736
176.072083
179.682922
182.727356
185.223083
187.240906
188.780823
189.931335
190.692444
191.099548
191.170349
190.922546
190.338440
189.418030
188.143616
186.479797
184.408875
181.895447
178.904114
175.399475
171.381531
166.797180
161.593323
155.716858
149.096985
141.627502
133.166809
126.936340
124.068909
121.856384
120.033264
118.457947
117.095032
115.873718
114.776306
113.767395
112.846985
111.997375
111.218567
110.475159
109.784851
109.129944
108.528137
107.961731
107.395325
106.882019
106.386414
105.926208
105.466003
105.023499
104.616394
104.209290
103.837585
103.465881
103.111877
102.775574
102.439270
102.120667
101.802063
101.501160
101.217957
100.934753
100.669250
104.492493
116.280823
126.670837
136.777649
146.141052
154.601746
162.124329
168.761902
174.532166
179.523621
183.771667
187.294006
190.161438
192.427063
194.197083
195.524597
196.462708
197.064514
197.365417
197.365417
197.099915
196.551208
195.683899
194.480286
192.922668
190.922546
188.462219
185.470886
181.895447
177.700500
172.868347
167.328186
161.009216
153.858337
145.716248
136.405945
129.591370
126.529236
124.192810
122.263489
120.635071
119.183655
117.909241
116.758728
115.714417
114.758606
113.873596
113.059387
112.298279
111.572571
110.899963
110.262756
109.678650
109.112244
108.563538
108.050232
107.572327
107.094421
106.651917
106.209412
105.802307
105.412903
105.023499
104.669495
104.315491
103.961487
103.642883
103.306580
103.005676
102.704773
102.421570
102.138367
106.563416
119.059753
130.476379
141.397400
151.380310
160.301208
168.160095
174.992371
180.886536
185.842590
189.913635
193.170471
195.719299
197.666321
199.153137
200.250549
200.993958
201.471863
201.684265
201.666565
201.401062
200.887756
200.091248
199.011536
197.595520
195.772400
193.471375
190.603943
187.081604
182.851257
177.859802
172.071838
165.398865
157.787781
149.061584
139.007874
131.644592
128.423157
125.980530
123.980408
122.281189
120.794373
119.466858
118.280945
117.201233
116.210022
115.289612
114.457703
113.661194
112.935486
112.245178
111.590271
110.970764
110.386658
109.837952
109.306946
108.811340
108.333435
107.873230
107.430725
107.005920
106.598816
106.209412
105.837708
105.466003
105.129700
104.775696
104.457092
104.138489
103.819885
103.536682
103.235779
108.227234
121.449280
133.768616
145.397644
155.911560
165.204163
173.310852
180.267029
186.125793
190.887146
194.657288
197.542419
199.754944
201.418762
202.675476
203.578186
204.215393
204.587097
204.764099
204.710999
204.445496
203.985291
203.277283
202.286072
201.011658
199.347839
197.241516
194.551086
191.188049
187.028503
182.001648
176.036682
169.080505
161.080017
151.822815
141.096497
133.255310
129.909973
127.378845
125.307922
123.555603
122.015686
120.670471
119.449158
118.334045
117.325134
116.387024
115.519714
114.723206
113.962097
113.254089
112.599182
111.961975
111.377869
110.811462
110.262756
109.749451
109.271545
108.793640
108.351135
107.908630
107.501526
107.094421
106.722717
106.351013
105.997009
105.643005
105.306702
104.988098
104.669495
104.368591
104.085388
109.607849
123.502502
136.618347
148.884583
159.823303
169.416809
177.700500
184.692078
190.391541
194.834290
198.232727
200.781555
202.710876
204.144592
205.242004
206.020813
206.551819
206.888123
207.012024
206.958923
206.711121
206.268616
205.613708
204.710999
203.542786
202.020569
200.073547
197.595520
194.427185
190.409241
185.400085
179.346619
172.195740
163.841248
154.159241
142.831116
134.547424
131.095886
128.493958
126.369934
124.564514
122.989197
121.608582
120.351868
119.219055
118.192444
117.236633
116.351624
115.537415
114.776306
114.050598
113.377991
112.740784
112.138977
111.554871
111.006165
110.492859
109.997253
109.519348
109.059143
108.616638
108.209534
107.802429
107.413025
107.041321
106.669617
106.333313
105.979309
105.660706
105.342102
105.023499
104.740295
110.740662
125.272522
139.096375
151.875916
163.186340
173.009949
181.399841
188.320618
193.754578
197.878723
200.923157
203.188782
204.905701
206.180115
207.153625
207.843933
208.339539
208.622742
208.728943
208.658142
208.428040
208.003235
207.383728
206.551819
205.472107
204.056091
202.250671
199.931946
196.958313
193.099670
188.196716
182.125549
174.797668
166.195374
156.106262
144.247131
135.591736
132.033997
129.361267
127.201843
125.361023
123.750305
122.334290
121.077576
119.927063
118.882751
117.909241
117.024231
116.192322
115.413513
114.670105
113.997498
113.342590
112.723083
112.156677
111.590271
111.076965
110.563660
110.085754
109.625549
109.183044
108.758240
108.351135
107.961731
107.572327
107.218323
106.864319
106.510315
106.174011
105.855408
105.554504
105.253601
111.696472
126.794739
141.220398
154.424744
166.053772
176.054382
184.479675
191.241150
196.391907
200.179749
202.958679
205.011902
206.569519
207.737732
208.622742
209.259949
209.702454
209.950256
210.056458
209.985657
209.755554
209.348450
208.764343
207.985535
206.941223
205.613708
203.932190
201.737366
198.923035
195.241394
190.462341
184.408875
176.992493
168.160095
157.734680
145.433044
136.423645
132.795105
130.069275
127.856750
125.998230
124.369812
122.936096
121.643982
120.493469
119.413757
118.440247
117.537537
116.705627
115.909119
115.165710
114.475403
113.820496
113.200989
112.616882
112.068176
111.537170
111.023865
110.545959
110.068054
109.625549
109.200745
108.793640
108.386536
107.997131
107.643127
107.289124
106.935120
106.598816
106.280212
105.961609
105.660706
112.492981
128.086853
143.008118
156.584167
168.443298
178.585510
186.993103
193.559875
198.427429
201.932068
204.480896
206.392517
207.826233
208.923645
209.737854
210.339661
210.746765
210.994568
211.083069
211.012268
210.782166
210.392761
209.826355
209.082947
208.091736
206.835022
205.224304
203.135681
200.462952
196.922913
192.285461
186.285095
178.797913
169.788513
159.097595
146.406555
137.113953
133.396912
130.635681
128.387756
126.493835
124.847717
123.414001
122.104187
120.935974
119.856262
118.865051
117.962341
117.112732
116.316223
115.572815
114.864807
114.209900
113.590393
112.988586
112.439880
111.891174
111.377869
110.899963
110.422058
109.979553
109.537048
109.129944
108.722839
108.333435
107.961731
107.607727
107.271423
106.917419
106.598816
106.280212
105.979309
113.147888
129.131165
144.477234
158.354187
170.408020
180.638733
188.975525
195.347595
199.949646
203.241882
205.649109
207.436829
208.799744
209.826355
210.605164
211.171570
211.560974
211.791077
211.861877
211.791077
211.578674
211.206970
210.658264
209.932556
208.976746
207.755432
206.197815
204.215393
201.631165
198.232727
193.701477
187.771912
180.249329
171.098328
160.195007
147.167664
137.644958
133.874817
131.078186
128.812561
126.900940
125.237122
123.768005
122.458191
121.272278
120.192566
119.201355
118.280945
117.413635
116.617126
115.873718
115.165710
114.510803
113.873596
113.289490
112.723083
112.174377
111.661072
111.165466
110.705261
110.245056
109.802551
109.395447
108.988342
108.598938
108.227234
107.873230
107.519226
107.182922
106.846619
106.528015
106.227112
113.678894
129.963074
145.645447
159.752502
171.947937
182.231750
190.515442
196.692810
201.100159
204.215393
206.498718
208.215637
209.525452
210.516663
211.260071
211.808777
212.180481
212.392883
212.463684
212.392883
212.180481
211.808777
211.277771
210.569763
209.631653
208.445740
206.941223
205.011902
202.516174
199.206238
194.798889
188.922424
181.382141
172.142639
161.044617
147.769470
138.052063
134.246521
131.414490
129.131165
127.201843
125.520325
124.051208
122.741394
121.537781
120.458069
119.449158
118.528748
117.661438
116.864929
116.103821
115.395813
114.740906
114.103699
113.501892
112.935486
112.386780
111.873474
111.377869
110.899963
110.457458
110.014954
109.590149
109.200745
108.811340
108.421936
108.067932
107.713928
107.377625
107.041321
106.722717
106.421814
114.103699
130.600281
146.512756
160.779114
173.098450
183.417664
191.612854
197.648621
201.896667
204.905701
207.118225
208.764343
210.038757
210.994568
211.720276
212.251282
212.622986
212.835388
212.906189
212.817688
212.605286
212.251282
211.720276
211.029968
210.109558
208.959045
207.472229
205.596008
203.153381
199.914246
195.577698
189.754333
182.231750
172.903748
161.681824
148.211975
138.352966
134.512024
131.662292
129.361267
127.414246
125.750427
124.263611
122.936096
121.732483
120.635071
119.643860
118.705750
117.838440
117.041931
116.280823
115.572815
114.900208
114.263000
113.661194
113.094788
112.546082
112.032776
111.537170
111.059265
110.599060
110.156555
109.749451
109.342346
108.952942
108.581238
108.209534
107.855530
107.519226
107.182922
106.864319
106.545715
114.422302
131.007385
147.096863
161.469421
173.841858
184.196472
192.320862
198.250427
202.409973
205.348206
207.507629
209.118347
210.357361
211.313171
212.021179
212.552185
212.906189
213.118591
213.171692
213.100891
212.888489
212.534485
212.003479
211.313171
210.410461
209.277649
207.826233
205.967712
203.542786
200.356750
196.073303
190.303040
182.780457
173.399353
162.106628
148.512878
138.547668
134.689026
131.821594
129.502869
127.555847
125.874329
124.387512
123.059998
121.856384
120.758972
119.750061
118.811951
117.944641
117.148132
116.387024
115.679016
115.006409
114.369202
113.767395
113.200989
112.652283
112.121277
111.625671
111.165466
110.705261
110.262756
109.837952
109.430847
109.041443
108.669739
108.298035
107.944031
107.607727
107.271423
106.952820
106.634216
114.617004
131.219788
147.380066
161.823425
174.231262
184.568176
192.674866
198.551331
202.657776
205.560608
207.702332
209.295349
210.516663
211.454773
212.162781
212.693787
213.047791
213.242493
213.313293
213.242493
213.030090
212.658386
212.145081
211.454773
210.569763
209.436951
207.985535
206.144714
203.755188
200.586853
196.321106
190.568542
183.045959
173.647156
162.301331
148.654480
138.636169
134.777527
131.910095
129.591370
127.626648
125.945129
124.458313
123.113098
121.909485
120.812073
119.803162
118.882751
117.997742
117.201233
116.440125
115.732117
115.059509
114.422302
113.820496
113.254089
112.705383
112.174377
111.678772
111.200867
110.740662
110.298157
109.873352
109.483948
109.076843
108.705139
108.351135
107.997131
107.643127
107.324524
106.988220
106.687317
114.723206
131.219788
147.380066
161.823425
174.231262
184.568176
192.674866
198.551331
202.657776
205.560608
207.702332
209.295349
210.516663
211.454773
212.162781
212.693787
213.047791
213.242493
213.313293
213.242493
213.030090
212.658386
212.145081
211.454773
210.569763
209.436951
207.985535
206.144714
203.755188
200.586853
196.321106
190.568542
183.045959
173.647156
162.301331
148.654480
138.636169
134.777527
131.910095
129.591370
127.626648
125.945129
124.458313
123.113098
121.909485
120.812073
119.803162
118.882751
117.997742
117.201233
116.440125
115.732117
115.059509
114.422302
113.820496
113.254089
112.705383
112.174377
111.678772
111.200867
110.740662
110.298157
109.873352
109.483948
109.076843
108.705139
108.351135
107.997131
107.643127
107.324524
106.988220
106.687317
114.723206
131.007385
147.096863
161.469421
173.841858
184.196472
192.320862
198.250427
202.409973
205.348206
207.507629
209.118347
210.357361
211.313171
212.021179
212.552185
212.906189
213.118591
213.171692
213.100891
212.888489
212.534485
212.003479
211.313171
210.410461
209.277649
207.826233
205.967712
203.542786
200.356750
196.073303
190.303040
182.780457
173.399353
162.106628
148.512878
138.547668
134.689026
131.821594
129.502869
127.555847
125.874329
124.387512
123.059998
121.856384
120.758972
119.750061
118.811951
117.944641
117.148132
116.387024
115.679016
115.006409
114.369202
113.767395
113.200989
112.652283
112.121277
111.625671
111.165466
110.705261
110.262756
109.837952
109.430847
109.041443
108.669739
108.298035
107.944031
107.607727
107.271423
106.952820
106.634216
114.617004
130.600281
146.512756
160.779114
173.098450
183.417664
191.612854
197.648621
201.896667
204.905701
207.118225
208.764343
210.038757
210.994568
211.720276
212.251282
212.622986
212.835388
212.906189
212.817688
212.605286
212.251282
211.720276
211.029968
210.109558
208.959045
207.472229
205.596008
203.153381
199.914246
195.577698
189.754333
182.231750
172.903748
161.681824
148.211975
138.352966
134.512024
131.662292
129.361267
127.414246
125.750427
124.263611
122.936096
121.732483
120.635071
119.643860
118.705750
117.838440
117.041931
116.280823
115.572815
114.900208
114.263000
113.661194
113.094788
112.546082
112.032776
111.537170
111.059265
110.599060
110.156555
109.749451
109.342346
108.952942
108.581238
108.209534
107.855530
107.519226
107.182922
106.864319
106.545715
114.422302
129.963074
145.645447
159.752502
171.947937
182.231750
190.515442
196.692810
201.100159
204.215393
206.498718
208.215637
209.525452
210.516663
211.260071
211.808777
212.180481
212.392883
212.463684
212.392883
212.180481
211.808777
211.277771
210.569763
209.631653
208.445740
206.941223
205.011902
202.516174
199.206238
194.798889
188.922424
181.382141
172.142639
161.044617
147.769470
138.052063
134.246521
131.414490
129.131165
127.201843
125.520325
124.051208
122.741394
121.537781
120.458069
119.449158
118.528748
117.661438
116.864929
116.103821
115.395813
114.740906
114.103699
113.501892
112.935486
112.386780
111.873474
111.377869
110.899963
110.457458
110.014954
109.590149
109.200745
108.811340
108.421936
108.067932
107.713928
107.377625
107.041321
106.722717
106.421814
114.103699
129.131165
144.477234
158.354187
170.408020
180.638733
188.975525
195.347595
199.949646
203.241882
205.649109
207.436829
208.799744
209.826355
210.605164
211.171570
211.560974
211.791077
211.861877
211.791077
211.578674
211.206970
210.658264
209.932556
208.976746
207.755432
206.197815
204.215393
201.631165
198.232727
193.701477
187.771912
180.249329
171.098328
160.195007
147.167664
137.644958
133.874817
131.078186
128.812561
126.900940
125.237122
123.768005
122.458191
121.272278
120.192566
119.201355
118.280945
117.413635
116.617126
115.873718
115.165710
114.510803
113.873596
113.289490
112.723083
112.174377
111.661072
111.165466
110.705261
110.245056
109.802551
109.395447
108.988342
108.598938
108.227234
107.873230
107.519226
107.182922
106.846619
106.528015
106.227112
113.678894
128.086853
143.008118
156.584167
168.443298
178.585510
186.993103
193.559875
198.427429
201.932068
204.480896
206.392517
207.826233
208.923645
209.737854
210.339661
210.746765
210.994568
211.083069
211.012268
210.782166
210.392761
209.826355
209.082947
208.091736
206.835022
205.224304
203.135681
200.462952
196.922913
192.285461
186.285095
178.797913
169.788513
159.097595
146.406555
137.113953
133.396912
130.635681
128.387756
126.493835
124.847717
123.414001
122.104187
120.935974
119.856262
118.865051
117.962341
117.112732
116.316223
115.572815
114.864807
114.209900
113.590393
112.988586
112.439880
111.891174
111.377869
110.899963
110.422058
109.979553
109.537048
109.129944
108.722839
108.333435
107.961731
107.607727
107.271423
106.917419
106.598816
106.280212
105.979309
113.147888
126.794739
141.220398
154.424744
166.053772
176.054382
184.479675
191.241150
196.391907
200.179749
202.958679
205.011902
206.569519
207.737732
208.622742
209.259949
209.702454
209.950256
210.056458
209.985657
209.755554
209.348450
208.764343
207.985535
206.941223
205.613708
203.932190
201.737366
198.923035
195.241394
190.462341
184.408875
176.992493
168.160095
157.734680
145.433044
136.423645
132.795105
130.069275
127.856750
125.998230
124.369812
122.936096
121.643982
120.493469
119.413757
118.440247
117.537537
116.705627
115.909119
115.165710
114.475403
113.820496
113.200989
112.616882
112.068176
111.537170
111.023865
110.545959
110.068054
109.625549
109.200745
108.793640
108.386536
107.997131
107.643127
107.289124
106.935120
106.598816
106.280212
105.961609
105.660706
112.492981
125.272522
139.096375
151.875916
163.186340
173.009949
181.399841
188.320618
193.754578
197.878723
200.923157
203.188782
204.905701
206.180115
207.153625
207.843933
208.339539
208.622742
208.728943
208.658142
208.428040
208.003235
207.383728
206.551819
205.472107
204.056091
202.250671
199.931946
196.958313
193.099670
188.196716
182.125549
174.797668
166.195374
156.106262
144.247131
135.591736
132.033997
129.361267
127.201843
125.361023
123.750305
122.334290
121.077576
119.927063
118.882751
117.909241
117.024231
116.192322
115.413513
114.670105
113.997498
113.342590
112.723083
112.156677
111.590271
111.076965
110.563660
110.085754
109.625549
109.183044
108.758240
108.351135
107.961731
107.572327
107.218323
106.864319
106.510315
106.174011
105.855408
105.554504
105.253601
111.696472
123.502502
136.618347
148.884583
159.823303
169.416809
177.700500
184.692078
190.391541
194.834290
198.232727
200.781555
202.710876
204.144592
205.242004
206.020813
206.551819
206.888123
207.012024
206.958923
206.711121
206.268616
205.613708
204.710999
203.542786
202.020569
200.073547
197.595520
194.427185
190.409241
185.400085
179.346619
172.195740
163.841248
154.159241
142.831116
134.547424
131.095886
128.493958
126.369934
124.564514
122.989197
121.608582
120.351868
119.219055
118.192444
117.236633
116.351624
115.537415
114.776306
114.050598
113.377991
112.740784
112.138977
111.554871
111.006165
110.492859
109.997253
109.519348
109.059143
108.616638
108.209534
107.802429
107.413025
107.041321
106.669617
106.333313
105.979309
105.660706
105.342102
105.023499
104.740295
110.740662
121.449280
133.768616
145.397644
155.911560
165.204163
173.310852
180.267029
186.125793
190.887146
194.657288
197.542419
199.754944
201.418762
202.675476
203.578186
204.215393
204.587097
204.764099
204.710999
204.445496
203.985291
203.277283
202.286072
201.011658
199.347839
197.241516
194.551086
191.188049
187.028503
182.001648
176.036682
169.080505
161.080017
151.822815
141.096497
133.255310
129.909973
127.378845
125.307922
123.555603
122.015686
120.670471
119.449158
118.334045
117.325134
116.387024
115.519714
114.723206
113.962097
113.254089
112.599182
111.961975
111.377869
110.811462
110.262756
109.749451
109.271545
108.793640
108.351135
107.908630
107.501526
107.094421
106.722717
106.351013
105.997009
105.643005
105.306702
104.988098
104.669495
104.368591
104.085388
109.607849
119.059753
130.476379
141.397400
151.380310
160.301208
168.160095
174.992371
180.886536
185.842590
189.913635
193.170471
195.719299
197.666321
199.153137
200.250549
200.993958
201.471863
201.684265
201.666565
201.401062
200.887756
200.091248
199.011536
197.595520
195.772400
193.471375
190.603943
187.081604
182.851257
177.859802
172.071838
165.398865
157.787781
149.061584
139.007874
131.644592
128.423157
125.980530
123.980408
122.281189
120.794373
119.466858
118.280945
117.201233
116.210022
115.289612
114.457703
113.661194
112.935486
112.245178
111.590271
110.970764
110.386658
109.837952
109.306946
108.811340
108.333435
107.873230
107.430725
107.005920
106.598816
106.209412
105.837708
105.466003
105.129700
104.775696
104.457092
104.138489
103.819885
103.536682
103.235779
108.227234
116.280823
126.670837
136.777649
146.141052
154.601746
162.124329
168.761902
174.532166
179.523621
183.771667
187.294006
190.161438
192.427063
194.197083
195.524597
196.462708
197.064514
197.365417
197.365417
197.099915
196.551208
195.683899
194.480286
192.922668
190.922546
188.462219
185.470886
181.895447
177.700500
172.868347
167.328186
161.009216
153.858337
145.716248
136.405945
129.591370
126.529236
124.192810
122.263489
120.635071
119.183655
117.909241
116.758728
115.714417
114.758606
113.873596
113.059387
112.298279
111.572571
110.899963
110.262756
109.678650
109.112244
108.563538
108.050232
107.572327
107.094421
106.651917
106.209412
105.802307
105.412903
105.023499
104.669495
104.315491
103.961487
103.642883
103.306580
103.005676
102.704773
102.421570
102.138367
106.563416
113.006287
122.245789
131.396790
140.034485
147.928772
155.044250
161.363220
166.956482
171.841736
176.072083
179.682922
182.727356
185.223083
187.240906
188.780823
189.931335
190.692444
191.099548
191.170349
190.922546
190.338440
189.418030
188.143616
186.479797
184.408875
181.895447
178.904114
175.399475
171.381531
166.797180
161.593323
155.716858
149.096985
141.627502
133.166809
126.936340
124.068909
121.856384
120.033264
118.457947
117.095032
115.873718
114.776306
113.767395
112.846985
111.997375
111.218567
110.475159
109.784851
109.129944
108.528137
107.961731
107.395325
106.882019
106.386414
105.926208
105.466003
105.023499
104.616394
104.209290
103.837585
103.465881
103.111877
102.775574
102.439270
102.120667
101.802063
101.501160
101.217957
100.934753
100.669250
104.492493
109.112244
117.095032
125.130920
132.865906
140.069885
146.654358
152.583923
157.858582
162.549133
166.637878
170.195618
173.240051
175.788879
177.895203
179.576721
180.833435
181.718445
182.231750
182.391052
182.196350
181.647644
180.762634
179.505920
177.877502
175.859680
173.452454
170.620422
167.345886
163.611145
159.380798
154.619446
149.273987
143.273621
136.565247
129.042664
123.484802
120.829773
118.776550
117.059631
115.590515
114.316101
113.165588
112.121277
111.165466
110.298157
109.501648
108.758240
108.050232
107.395325
106.775818
106.209412
105.660706
105.129700
104.634094
104.173889
103.713684
103.288879
102.881775
102.474670
102.102966
101.731262
101.377258
101.040955
100.704651
100.386047
100.085144
99.801941
99.518738
99.235535
98.952332
98.704529
101.890564
104.403992
110.953064
117.732239
124.369812
130.688782
136.565247
141.946106
146.813660
151.167908
155.026550
158.407288
161.327820
163.823547
165.912170
167.593689
168.903503
169.841614
170.425720
170.673523
170.567322
170.124817
169.346008
168.230896
166.761780
164.956360
162.779236
160.230408
157.309875
153.964539
150.194397
145.981750
141.273499
136.034241
130.210876
123.750305
118.971252
116.581726
114.705505
113.147888
111.802673
110.616760
109.554749
108.581238
107.713928
106.899719
106.156311
105.466003
104.811096
104.209290
103.625183
103.094177
102.580872
102.102966
101.642761
101.182556
100.775452
100.368347
99.978943
99.607239
99.253235
98.916931
98.580627
98.262024
97.961121
97.660217
97.377014
97.093811
96.828308
96.562805
96.315002
96.067200
98.580627
98.492126
103.465881
108.722839
113.997498
119.165955
124.086609
128.688660
132.936707
136.795349
140.282288
143.379822
146.087952
148.424377
150.406799
152.052917
153.345032
154.318542
154.955750
155.292053
155.309753
155.026550
154.424744
153.539734
152.336121
150.813904
148.990784
146.849060
144.371033
141.556702
138.388367
134.848328
130.936584
126.617737
121.856384
116.652527
112.740784
110.687561
109.059143
107.696228
106.510315
105.448303
104.510193
103.660583
102.881775
102.156067
101.501160
100.881653
100.297546
99.748840
99.235535
98.739929
98.279724
97.837219
97.430115
97.023010
96.651306
96.279602
95.943298
95.606995
95.270691
94.969788
94.668884
94.385681
94.102478
93.836975
93.571472
93.323669
93.075867
92.828064
92.597961
92.367859
94.190979
90.296936
93.482971
96.934509
100.509949
104.120789
107.660828
111.076965
114.333801
117.360535
120.174866
122.723694
125.024719
127.060242
128.812561
130.299377
131.538391
132.494202
133.184509
133.627014
133.804016
133.715515
133.396912
132.812805
131.980896
130.901184
129.573669
127.980652
126.157532
124.051208
121.697083
119.095154
116.210022
113.059387
109.643250
105.943909
103.129578
101.536560
100.244446
99.164734
98.208923
97.377014
96.615906
95.925598
95.288391
94.704285
94.137878
93.642273
93.164368
92.704163
92.279358
91.872253
91.500549
91.128845
90.774841
90.438538
90.119934
89.819031
89.535828
89.252625
88.987122
88.721619
88.473816
88.226013
87.995911
87.765808
87.535706
87.323303
87.110901
86.916199
86.721497
86.526794
87.624207
74.402161
75.552673
76.827087
78.225403
79.676819
81.163635
82.650452
84.137268
85.570984
86.969299
88.296814
89.535828
90.686340
91.730652
92.668762
93.482971
94.173279
94.739685
95.164490
95.465393
95.624695
95.624695
95.518494
95.252991
94.845886
94.314880
93.642273
92.828064
91.907654
90.845642
89.659729
88.349915
86.933899
85.411682
83.783264
82.491150
81.694641
81.022034
80.437927
79.942322
79.464417
79.057312
78.667908
78.313904
77.977600
77.676697
77.375793
77.092590
76.844788
76.596985
76.349182
76.119080
75.906677
75.711975
75.517273
75.322571
75.145569
74.968567
74.791565
74.632263
74.472961
74.331360
74.172058
74.030457
73.906555
73.764954
73.641052
73.499451
73.375549
73.251648
73.127747
73.481750
